[coordmaps]
detectionMode=0
defaultmap=1
mapcount=11
map1_name=Standard-Map
map1_OW=804
map1_OH=621
map1_PX1=218.85
map1_PZ1=202.30
map1_PX2=143.00
map1_PZ2=148.90
map1_MX1=599
map1_MZ1=392
map1_MX2=156
map1_MZ2=80
map1_pic=bin\maps\kodi.jpg

map2_name=Schleswig-Holstein
map2_OW=773
map2_OH=672
map2_PX1=193.04
map2_PZ1=251.193
map2_PX2=152.702
map2_PZ2=199.917
map2_MX1=562
map2_MZ1=435
map2_MX2=406
map2_MZ2=225
map2_pic=bin\maps\map2.jpg

map3_name=Oldroads
map3_OW=1348
map3_OH=924
map3_PX1=227.279
map3_PZ1=246.301
map3_PX2=149.875
map3_PZ2=146.233
map3_MX1=994.500000
map3_MZ1=788.500000
map3_MX2=489.500000
map3_MZ2=116.500000
map3_pic=bin\maps\oldroads.jpg

map4_name=meinHof
map4_OW=1133
map4_OH=703
map4_PX1=281.932
map4_PZ1=250.432
map4_PX2=56.2094
map4_PZ2=170.556
map4_MX1=1075.500000
map4_MZ1=498.500000
map4_MX2=50.500000
map4_MZ2=150.500000
map4_pic=bin\maps\meinhof31.jpg

map5_name=Sauerland
map5_OW=800
map5_OH=598
map5_PX1=260.588
map5_PZ1=302.447
map5_PX2=81.6769
map5_PZ2=169.614
map5_MX1=757.500000
map5_MZ1=565.500000
map5_MX2=23.500000
map5_MZ2=37.500000
map5_pic=bin\maps\sauerland20.jpg

map6_name=Version 3.1
map6_OW=797
map6_OH=765
map6_PX1=227.852
map6_PZ1=227.061
map6_PX2=171.248
map6_PZ2=104.093
map6_MX1=514.500000
map6_MZ1=466.500000
map6_MX2=315.500000
map6_MZ2=42.500000
map6_pic=bin\maps\version_3.1_1.jpg

map7_name=neue map
map7_OW=688
map7_OH=596
map7_PX1=203.697
map7_PZ1=219.204
map7_PX2=240.857
map7_PZ2=144.716
map7_MX1=359.500000
map7_MZ1=272.500000
map7_MX2=226.500000
map7_MZ2=549.500000
map7_pic=bin\maps\map01_1.jpg

map8_name=Dithmarschen Map
map8_OW=751
map8_OH=602
map8_PX1=215.414
map8_PZ1=221.846
map8_PX2=152.747
map8_PZ2=152.747
map8_MX1=574.500000
map8_MZ1=305.500000
map8_MX2=361.500000
map8_MZ2=125.500000
map8_pic=bin\maps\dithmarschen_map_v1.01.jpg

map9_name=Flat Lands
map9_OW=690
map9_OH=483
map9_PX1=609.612
map9_PZ1=-586.588
map9_PX2=548.628
map9_PZ2=-544.723
map9_MX1=130.500000
map9_MZ1=108.500000
map9_MX2=303.500000
map9_MZ2=373.500000
map9_pic=bin\maps\flat_lands.jpg

map10_name=Imagine
map10_OW=736
map10_OH=606
map10_PX1=169.849
map10_PZ1=158.785
map10_PX2=129.074
map10_PZ2=222.749
map10_MX1=280.500000
map10_MZ1=268.500000
map10_MX2=142.500000
map10_MZ2=484.500000
map10_pic=bin\maps\imagine_1.jpg

map11_name=Grasmod Map 
map11_OW=981
map11_OH=900
map11_PX1=222.417
map11_PZ1=218.109
map11_PX2=136.599
map11_PZ2=160.39
map11_MX1=783.500000
map11_MZ1=645.500000
map11_MX2=213.500000
map11_MZ2=269.500000
map11_pic=bin\maps\grasmod_map.jpg

